1）特点一：matlab在进行矩阵操作的时候是按列读取

在使用矩阵进行操作的时候，比如
array=[1,2,3;4,5,6;7,8,9]
num=ones(5)
num(array(:)<=1)=0

上面语句运行的结果是
array =

     1     2     3
     4     5     6
     7     8     9


num =

     1     1     1     1     1
     1     1     1     1     1
     1     1     1     1     1
     1     1     1     1     1
     1     1     1     1     1


num =

     0     1     1     1     1
     1     1     1     1     1
     1     1     1     1     1
     1     1     1     1     1
     1     1     1     1     1


下面的语句：

num(array(:)==8)=0
运行的结果是
num =

     0     0     1     1     1
     1     1     1     1     1
     1     1     1     1     1
     1     1     1     1     1
     1     1     1     1     1
     
     
     
     
下面的语句：
  num(array(:)>=2)=0
运行的结果是
num =

     0     0     1     1     1
     0     0     1     1     1
     0     0     1     1     1
     0     0     1     1     1
     0     1     1     1     1
